a<-8
b<-20
b-a
